5.864869995117188637e+02 5.545102539062500000e+02
6.306423339843751137e+02 5.553408813476562500e+02
6.312062377929685226e+02 5.096817321777343750e+02
5.871185913085936363e+02 5.089427795410156818e+02
3.578916931152343750e+02 5.475228881835938637e+02
3.976882629394531250e+02 5.487799682617186363e+02
3.979736328125000000e+02 5.049574584960938068e+02
3.581799011230468750e+02 5.040144042968752842e+02
5.896849975585936363e+02 5.554505004882812500e+02
6.343577270507812500e+02 5.564868164062500000e+02
6.346814575195312500e+02 5.107285766601561932e+02
5.901806640624998863e+02 5.098542175292968750e+02
3.591487121582031250e+02 5.481666870117187500e+02
3.999201049804687500e+02 5.491392211914061363e+02
3.999144592285156250e+02 5.050568237304686363e+02
3.592607116699218750e+02 5.040891723632812500e+02
6.091087036132811363e+02 5.821535644531250000e+02
6.525863037109373863e+02 5.891416015625000000e+02
6.594586791992188637e+02 5.451520385742187500e+02
6.162562255859376137e+02 5.380317382812500000e+02
3.709398803710936932e+02 5.419078369140625000e+02
4.161143188476562500e+02 5.494036865234375000e+02
4.237414550781250000e+02 5.037355041503905682e+02
3.787245483398437500e+02 4.958414001464843750e+02
6.114451904296873863e+02 5.826779785156250000e+02
6.546986694335937500e+02 5.895797729492188637e+02
6.616807861328127274e+02 5.451546020507812500e+02
6.185610961914062500e+02 5.380148925781248863e+02
3.751685791015625000e+02 5.425516967773437500e+02
4.207827453613281250e+02 5.502213745117188637e+02
4.286046447753905682e+02 5.037536926269530682e+02
3.830446472167968750e+02 4.956628723144530682e+02
6.129176635742187500e+02 5.823314208984376137e+02
6.572865600585937500e+02 5.889843139648436363e+02
6.636746215820310226e+02 5.436947631835935226e+02
6.195077514648437500e+02 5.367103881835938637e+02
3.737024230957031250e+02 5.437999877929688637e+02
4.200339050292969318e+02 5.511914062500000000e+02
4.273768310546874432e+02 5.042720031738278976e+02
3.811593322753905682e+02 4.967410583496093750e+02
6.232606811523436363e+02 5.585597534179687500e+02
6.669477539062500000e+02 5.578544921875000000e+02
6.673647460937501137e+02 5.127786865234375000e+02
6.237200317382813637e+02 5.129959716796876137e+02
3.846652221679688068e+02 5.606083984375000000e+02
4.314006958007812500e+02 5.601482543945311363e+02
4.313626098632812500e+02 5.126820678710938637e+02
3.846208801269531250e+02 5.129353027343752274e+02
6.219004516601562500e+02 5.669146728515625000e+02
6.655218505859373863e+02 5.687520141601561363e+02
6.687478637695313637e+02 5.237401123046875000e+02
6.250332641601563637e+02 5.212954711914063637e+02
3.841205444335937500e+02 5.537842407226562500e+02
4.307093200683593182e+02 5.565726928710938637e+02
4.336085205078124432e+02 5.088229370117186932e+02
3.871024169921874432e+02 5.061509704589842045e+02
6.131077270507809089e+02 5.721237792968748863e+02
6.595975341796876137e+02 5.747949218749998863e+02
6.625939941406252274e+02 5.284415893554687500e+02
6.158837890624998863e+02 5.258099975585937500e+02
3.708535461425780113e+02 5.568038940429686363e+02
4.171119689941406818e+02 5.595161132812500000e+02
4.192083740234376137e+02 5.126997070312501137e+02
3.730799255371093750e+02 5.100449523925781818e+02
6.170712280273438637e+02 5.725317993164062500e+02
6.637371826171873863e+02 5.753906860351563637e+02
6.661862792968750000e+02 5.288015136718751137e+02
6.193963623046876137e+02 5.261179199218750000e+02
3.792522583007811932e+02 5.570167846679688637e+02
4.241445617675781818e+02 5.596808471679686363e+02
4.256806030273438068e+02 5.135952148437501137e+02
3.807933044433592613e+02 5.111538696289064774e+02
6.224630737304688637e+02 5.699896850585937500e+02
6.682380981445313637e+02 5.725176391601562500e+02
6.708858032226561363e+02 5.266947631835938637e+02
6.250175170898436363e+02 5.238306884765626137e+02
3.841179809570313068e+02 5.551852416992186363e+02
4.291986083984375000e+02 5.578845214843750000e+02
4.317742004394530682e+02 5.115933227539062500e+02
3.864660949707031818e+02 5.089170837402343182e+02
6.242471923828125000e+02 5.743997192382813637e+02
6.701839599609376137e+02 5.773643188476561363e+02
6.732682495117188637e+02 5.313819580078125000e+02
6.273660278320313637e+02 5.284864501953127274e+02
3.846015625000000000e+02 5.582458496093750000e+02
4.301917419433593182e+02 5.614744873046875000e+02
4.327546386718750000e+02 5.147410278320312500e+02
3.870750732421875000e+02 5.119240722656249432e+02
6.255031127929688637e+02 5.751147460937501137e+02
6.711943359375000000e+02 5.778965454101562500e+02
6.743900756835936363e+02 5.321895751953123863e+02
6.286825561523438637e+02 5.289914550781251137e+02
3.855689697265624432e+02 5.579276733398438637e+02
4.313175354003906818e+02 5.608784179687500000e+02
4.342210388183593750e+02 5.142290649414061363e+02
3.884168701171875000e+02 5.111701965332031250e+02
6.307290039062497726e+02 5.684011230468750000e+02
6.757934570312500000e+02 5.698683471679688637e+02
6.779887084960939774e+02 5.243425292968750000e+02
6.328276367187498863e+02 5.226309814453122726e+02
3.909904785156250000e+02 5.588513793945312500e+02
4.372892150878906250e+02 5.606011352539064774e+02
4.390142517089843750e+02 5.137244873046876137e+02
3.926637878417968750e+02 5.119639282226560226e+02
6.281433105468748863e+02 5.677437133789061363e+02
6.738386840820313637e+02 5.689989013671876137e+02
6.756056518554688637e+02 5.233789062500000000e+02
6.298017578125000000e+02 5.220614624023436363e+02
3.883316345214843182e+02 5.596012573242187500e+02
4.342414550781250568e+02 5.610460205078127274e+02
4.354202270507813068e+02 5.144060058593750000e+02
3.895139160156250000e+02 5.129861450195310226e+02
6.356510620117186363e+02 5.665436401367187500e+02
6.802674560546876137e+02 5.668493652343750000e+02
6.815640869140626137e+02 5.215786132812500000e+02
6.368521118164061363e+02 5.210513916015625000e+02
3.965171203613281250e+02 5.631086425781248863e+02
4.428026428222656250e+02 5.635314331054687500e+02
4.434887084960938068e+02 5.168271484375000000e+02
3.971679687500000568e+02 5.161270141601561363e+02
6.181229248046873863e+02 5.675056762695313637e+02
6.646637573242187500e+02 5.681454467773437500e+02
6.648973999023439774e+02 5.214996337890622726e+02
6.183342895507814774e+02 5.209689941406250000e+02
3.815694885253906818e+02 5.632080688476562500e+02
4.259651794433593750e+02 5.639440917968748863e+02
4.254336853027342613e+02 5.178268432617186363e+02
3.812923889160155682e+02 5.174828491210937500e+02
6.185916748046875000e+02 5.680942382812500000e+02
6.650950317382813637e+02 5.686600341796876137e+02
6.653600463867188637e+02 5.219843750000000000e+02
6.187534179687500000e+02 5.215614013671875000e+02
3.816561889648436932e+02 5.636004638671875000e+02
4.261271972656250000e+02 5.642652587890625000e+02
4.256917724609375568e+02 5.181950683593751137e+02
3.813703918457031818e+02 5.177289428710938637e+02
6.009940185546875000e+02 5.688357543945312500e+02
6.468685913085937500e+02 5.698219604492187500e+02
6.464790039062500000e+02 5.219614257812500000e+02
6.005600585937500000e+02 5.215419311523437500e+02
3.756916503906248863e+02 5.630125122070311363e+02
4.170030822753906250e+02 5.639585571289062500e+02
4.160050964355468750e+02 5.183593139648437500e+02
3.748264770507812500e+02 5.179956054687500000e+02
5.709382934570311363e+02 5.693500366210937500e+02
6.123516235351563637e+02 5.707352905273438637e+02
6.110437011718752274e+02 5.216530761718750000e+02
5.693446044921875000e+02 5.212067260742186363e+02
3.751199035644531818e+02 5.619067993164063637e+02
4.100940856933593750e+02 5.630112304687500000e+02
4.085315246582030682e+02 5.185189819335936363e+02
3.736535339355468182e+02 5.183000488281250000e+02
5.819650268554686363e+02 5.694692993164062500e+02
6.255295410156250000e+02 5.707602539062497726e+02
6.246499023437500000e+02 5.220560913085938637e+02
5.808651733398436363e+02 5.216135253906252274e+02
3.738616638183593182e+02 5.624666137695312500e+02
4.114876403808593750e+02 5.634963989257812500e+02
4.102135925292968750e+02 5.185913696289062500e+02
3.726753540039061932e+02 5.183390502929687500e+02
5.903933105468751137e+02 5.691614990234376137e+02
6.353446655273436363e+02 5.714215087890622726e+02
6.345673217773435226e+02 5.226586303710937500e+02
5.896144409179687500e+02 5.221364135742190911e+02
3.738297424316405113e+02 5.630895385742187500e+02
4.131589660644531250e+02 5.641333618164063637e+02
4.119303588867188637e+02 5.189262695312500000e+02
3.727130432128906250e+02 5.186159057617186363e+02
6.358452758789063637e+02 5.679379272460937500e+02
6.806564331054687500e+02 5.682593383789062500e+02
6.819133911132810226e+02 5.228296508789061363e+02
6.370025024414061363e+02 5.222079467773436363e+02
3.960561828613281250e+02 5.645354003906248863e+02
4.424750976562499432e+02 5.650366210937501137e+02
4.431255798339843750e+02 5.180980834960937500e+02
3.966680297851562500e+02 5.174550170898435226e+02
6.385476684570312500e+02 5.675922241210938637e+02
6.826657714843750000e+02 5.679105834960937500e+02
6.839839477539062500e+02 5.228388671875000000e+02
6.398415527343748863e+02 5.222983398437500000e+02
4.004077148437500000e+02 5.648032836914062500e+02
4.467506103515625568e+02 5.652860717773437500e+02
4.474937438964843750e+02 5.180571899414061363e+02
4.010501403808594318e+02 5.173869628906250000e+02
6.477402343749998863e+02 5.658501586914062500e+02
6.855178222656250000e+02 5.655737304687498863e+02
6.871249389648438637e+02 5.224248046874998863e+02
6.495093994140623863e+02 5.217556152343750000e+02
4.330201110839843182e+02 5.646018066406250000e+02
4.765499572753906250e+02 5.646525268554686363e+02
4.780670166015625000e+02 5.169660034179687500e+02
4.345242004394530682e+02 5.161085815429689774e+02
6.466007690429686363e+02 5.652753295898437500e+02
6.737169189453125000e+02 5.644057006835936363e+02
6.763437500000000000e+02 5.272681884765623863e+02
6.476690673828123863e+02 5.208339843750000000e+02
4.749845275878906250e+02 5.644574584960937500e+02
5.103322143554686932e+02 5.645540771484373863e+02
5.123062133789061363e+02 5.164221191406250000e+02
4.768724975585936932e+02 5.152147216796873863e+02
6.420076293945311363e+02 5.666571044921873863e+02
6.845363769531251137e+02 5.669420166015627274e+02
6.858963012695312500e+02 5.223264770507813637e+02
6.431549682617186363e+02 5.216088867187498863e+02
4.082262573242186932e+02 5.637786254882812500e+02
4.543248596191406250e+02 5.642041625976562500e+02
4.553109436035156250e+02 5.169195556640625000e+02
4.092096557617186932e+02 5.161372070312501137e+02
6.320330810546875000e+02 5.619144287109375000e+02
6.768997192382811363e+02 5.624353027343748863e+02
6.773871459960936363e+02 5.170560913085937500e+02
6.326314086914062500e+02 5.162712402343750000e+02
3.934994201660156250e+02 5.569599609375001137e+02
4.393670654296874432e+02 5.577293701171873863e+02
4.403016662597655682e+02 5.113929748535154545e+02
3.943643188476562500e+02 5.104172058105468750e+02
6.279008178710937500e+02 5.597060546875001137e+02
6.728601684570311363e+02 5.606801757812498863e+02
6.733974609375001137e+02 5.154263305664062500e+02
6.285552978515626137e+02 5.142761230468751137e+02
3.898448791503905682e+02 5.519774780273438637e+02
4.355893859863281818e+02 5.533806762695310226e+02
4.369719848632814205e+02 5.071612548828123863e+02
3.914764404296875000e+02 5.056233215332032387e+02
6.304229125976564774e+02 5.712476196289062500e+02
6.752843017578123863e+02 5.727083740234373863e+02
6.777442626953125000e+02 5.273037109375000000e+02
6.327675170898438637e+02 5.254770507812501137e+02
3.892968139648436932e+02 5.618231201171873863e+02
4.360488281250000568e+02 5.633760986328126137e+02
4.379624023437499432e+02 5.164786376953123863e+02
3.917827758789062500e+02 5.146597290039061363e+02
5.929779663085937500e+02 5.692929077148436363e+02
6.387819824218750000e+02 5.708449096679687500e+02
6.409069824218750000e+02 5.248003540039063637e+02
5.950688476562500000e+02 5.230636596679688637e+02
3.506340026855468750e+02 5.596535644531250000e+02
3.972780761718750000e+02 5.614492797851562500e+02
3.987896423339843182e+02 5.139731445312498863e+02
3.522326049804687500e+02 5.121598510742187500e+02
2.753074035644531250e+02 5.716989135742187500e+02
3.201843872070312500e+02 5.749797363281250000e+02
3.225303344726561932e+02 5.265504150390625000e+02
2.776755981445311932e+02 5.236141357421875000e+02
5.921674346923828836e+01 5.531957397460938637e+02
9.840441894531248579e+01 5.565040283203126137e+02
1.001967544555664062e+02 5.101447448730468182e+02
6.103165817260743609e+01 5.075339660644529545e+02
2.704933776855469318e+02 5.711989746093750000e+02
3.157394409179687500e+02 5.743756713867186363e+02
3.186849670410155682e+02 5.279343872070311363e+02
2.733596801757813068e+02 5.246533813476562500e+02
4.061027145385742898e+01 5.532017822265625000e+02
8.374012756347657671e+01 5.565200195312501137e+02
8.659551239013670454e+01 5.095168457031250000e+02
4.344543457031249289e+01 5.063742675781250000e+02
2.471948547363281250e+02 5.724274291992187500e+02
2.921186828613281250e+02 5.759223022460939774e+02
2.948191223144531250e+02 5.282590942382813637e+02
2.499025268554687784e+02 5.249270019531250000e+02
3.007837486267090199e+01 5.526331176757812500e+02
6.962834930419921875e+01 5.563069458007813637e+02
7.190779113769529829e+01 5.097994995117186363e+02
3.224154663085936079e+01 5.070422973632809089e+02
2.113106079101562500e+02 5.724135131835936363e+02
2.508175201416015625e+02 5.764954833984373863e+02
2.525126953125000000e+02 5.271999511718751137e+02
2.129373626708984659e+02 5.241920166015626137e+02
2.887103652954102628e+01 5.527979125976563637e+02
6.123395156860351562e+01 5.561713256835935226e+02
6.217168807983398438e+01 5.112501525878907387e+02
2.990321540832519531e+01 5.087831726074222161e+02
5.091180419921876137e+02 5.728407592773437500e+02
5.511775512695313637e+02 5.764615478515625000e+02
5.549670410156248863e+02 5.332609252929686363e+02
5.133303833007812500e+02 5.292863769531250000e+02
2.834345092773436932e+02 5.513767700195313637e+02
3.272858276367186932e+02 5.554512329101563637e+02
3.315679321289063068e+02 5.102685852050781818e+02
2.877164916992187500e+02 5.058460388183593750e+02
6.094974365234373863e+02 5.723869628906248863e+02
6.511733398437500000e+02 5.758538208007814774e+02
6.548849487304687500e+02 5.331232299804688637e+02
6.134893798828123863e+02 5.293362426757811363e+02
3.847357482910155682e+02 5.514141845703125000e+02
4.284941406250000000e+02 5.555052490234375000e+02
4.326548461914063068e+02 5.109204406738280682e+02
3.890087585449219318e+02 5.067160644531250568e+02
7.043784179687500000e+02 5.721326904296875000e+02
7.462225341796875000e+02 5.756112670898437500e+02
7.499834594726561363e+02 5.332324218749998863e+02
7.084910888671873863e+02 5.293485717773436363e+02
4.798858642578124432e+02 5.512109375000000000e+02
5.233723144531251137e+02 5.551998901367187500e+02
5.275789794921875000e+02 5.115409851074219887e+02
4.841086425781250568e+02 5.071492919921876137e+02
1.106298217773436818e+03 5.703953247070312500e+02
1.141922363281250227e+03 5.744008178710937500e+02
1.144745117187500455e+03 5.304738159179687500e+02
1.108967773437499773e+03 5.272508544921876137e+02
9.318996582031251137e+02 5.497933959960937500e+02
9.639943237304687500e+02 5.533792114257812500e+02
9.661190185546872726e+02 5.132119750976563637e+02
9.339375000000000000e+02 5.105821838378907387e+02
