6.248937377929688637e+02 5.574786376953125000e+02
6.711306152343750000e+02 5.587683105468747726e+02
6.719932861328123863e+02 5.116107177734375000e+02
6.259732666015623863e+02 5.106687927246094887e+02
3.898602905273436932e+02 5.504574584960937500e+02
4.318243713378906818e+02 5.515963745117187500e+02
4.330210266113282387e+02 5.061105651855468182e+02
3.900838012695312500e+02 5.054436645507811932e+02
6.278460693359373863e+02 5.586093139648437500e+02
6.742567138671875000e+02 5.597253417968751137e+02
6.749149780273438637e+02 5.128487548828125000e+02
6.288100585937500000e+02 5.116657409667968750e+02
3.914259643554687500e+02 5.506102294921875000e+02
4.345558166503906818e+02 5.521401367187498863e+02
4.348343200683593750e+02 5.060811767578125568e+02
3.920597534179688068e+02 5.058440246582032955e+02
6.449396362304687500e+02 5.851932373046875000e+02
6.883038330078125000e+02 5.921610107421875000e+02
6.953871459960936363e+02 5.471122436523437500e+02
6.520764770507811363e+02 5.411697998046876137e+02
4.073066711425781250e+02 5.444091796875000000e+02
4.533776245117187500e+02 5.523026733398437500e+02
4.611493530273436932e+02 5.055166015624998863e+02
4.153441467285156250e+02 4.973518676757812500e+02
6.470871582031251137e+02 5.855159912109375000e+02
6.896406249999998863e+02 5.924503784179685226e+02
6.966210327148435226e+02 5.479570922851561363e+02
6.542691650390623863e+02 5.406286621093751137e+02
4.122077941894531250e+02 5.449838867187500000e+02
4.581881408691405682e+02 5.528955688476562500e+02
4.662075195312500568e+02 5.058152465820313637e+02
4.204563598632811932e+02 4.974601440429688068e+02
6.493747558593748863e+02 5.850308837890626137e+02
6.927406616210937500e+02 5.917201538085935226e+02
6.990781860351561363e+02 5.465650634765625000e+02
6.558302612304686363e+02 5.394960937500002274e+02
4.106628417968749432e+02 5.461561279296875000e+02
4.573823547363280682e+02 5.537022705078125000e+02
4.646577148437500000e+02 5.064633483886717045e+02
4.180963745117188068e+02 4.986957397460936363e+02
6.585252075195312500e+02 5.613479003906250000e+02
7.013164062500000000e+02 5.607731933593750000e+02
7.020104370117186363e+02 5.156937866210936363e+02
6.591647949218750000e+02 5.157963256835937500e+02
4.213435974121094887e+02 5.631552124023437500e+02
4.684544067382811363e+02 5.627536010742187500e+02
4.688202514648436932e+02 5.148399047851563637e+02
4.216701049804688068e+02 5.149592895507812500e+02
6.572864990234373863e+02 5.697081298828125000e+02
7.000470581054687500e+02 5.717340698242186363e+02
7.034968261718750000e+02 5.266914672851562500e+02
6.607485961914061363e+02 5.241355590820313637e+02
4.212564392089843182e+02 5.565499877929687500e+02
4.681466064453125000e+02 5.589686889648436363e+02
4.712341308593749432e+02 5.110478515624998863e+02
4.244496154785156250e+02 5.082836303710939205e+02
6.502955932617187500e+02 5.749099121093750000e+02
6.965614013671873863e+02 5.778334350585936363e+02
6.998790283203123863e+02 5.313806152343751137e+02
6.535189819335937500e+02 5.284692993164064774e+02
4.061744995117187500e+02 5.595348510742187500e+02
4.532918090820312500e+02 5.623431396484375000e+02
4.560888671875000000e+02 5.147465820312500000e+02
4.088383789062500568e+02 5.119229125976563068e+02
6.544892578125001137e+02 5.754293212890625000e+02
7.009115600585936363e+02 5.782236328124996589e+02
7.039036865234372726e+02 5.318884887695311363e+02
6.572747802734375000e+02 5.288372802734376137e+02
4.129858093261718750e+02 5.597291259765625000e+02
4.588201293945311932e+02 5.624963989257811363e+02
4.614798889160155682e+02 5.158649291992187500e+02
4.151073303222656250e+02 5.131514282226564774e+02
6.585651245117186363e+02 5.727343750000000000e+02
7.041474609375000000e+02 5.752172851562500000e+02
7.068828735351562500e+02 5.292399902343750000e+02
6.613230590820312500e+02 5.266359252929688637e+02
4.180644226074217613e+02 5.576312866210936363e+02
4.643382263183593750e+02 5.604221801757814774e+02
4.670786743164064205e+02 5.137118530273438637e+02
4.208173828125000568e+02 5.109799804687498863e+02
6.605090332031248863e+02 5.773496093749998863e+02
7.061909790039062500e+02 5.801609497070311363e+02
7.094622802734376137e+02 5.340800781250000000e+02
6.637623901367188637e+02 5.310568237304687500e+02
4.191981201171873863e+02 5.609580688476562500e+02
4.656797485351562500e+02 5.638860473632812500e+02
4.685309753417969318e+02 5.170949707031250000e+02
4.220837097167968182e+02 5.140485839843750000e+02
6.615704956054686363e+02 5.778643798828125000e+02
7.071073608398437500e+02 5.808656005859376137e+02
7.106169433593752274e+02 5.349963989257813637e+02
6.651008300781250000e+02 5.317806396484375000e+02
4.204290161132812500e+02 5.603735961914061363e+02
4.670845336914062500e+02 5.635632324218748863e+02
4.702807312011717613e+02 5.165808105468750000e+02
4.235573730468749432e+02 5.133204345703125000e+02
6.662838745117189774e+02 5.712846679687500000e+02
7.107180175781250000e+02 5.726904296875000000e+02
7.132446899414060226e+02 5.272120361328125000e+02
6.686741333007813637e+02 5.253724365234375000e+02
4.264284667968751137e+02 5.614481811523437500e+02
4.732577819824218750e+02 5.631767578125000000e+02
4.752028503417968182e+02 5.160708007812501137e+02
4.283912658691407387e+02 5.141319580078126137e+02
6.640424804687502274e+02 5.706321411132812500e+02
7.093757324218750000e+02 5.718456420898437500e+02
7.114044189453123863e+02 5.263880004882811363e+02
6.664741821289063637e+02 5.246920166015625000e+02
4.231148071289063637e+02 5.621749267578125000e+02
4.698474426269531818e+02 5.636693725585937500e+02
4.713472900390624432e+02 5.170758666992187500e+02
4.245393676757812500e+02 5.150368041992188637e+02
6.708058471679686363e+02 5.694008789062500000e+02
7.147489013671875000e+02 5.698221435546876137e+02
7.163746337890625000e+02 5.244203491210936363e+02
6.723709106445311363e+02 5.237311401367186363e+02
4.322282104492188068e+02 5.657641601562500000e+02
4.790014953613281250e+02 5.663101806640626137e+02
4.800931396484374432e+02 5.190299072265625000e+02
4.331734924316406250e+02 5.182963256835936363e+02
6.555257568359373863e+02 5.705379638671876137e+02
7.019449462890626137e+02 5.710975952148436363e+02
7.025490112304688637e+02 5.242309570312498863e+02
6.559378662109373863e+02 5.237095336914063637e+02
4.149391174316406250e+02 5.659304809570312500e+02
4.606118164062500000e+02 5.666702270507811363e+02
4.606141967773437500e+02 5.201129150390626137e+02
4.149129028320312500e+02 5.197735595703126137e+02
6.557285156249997726e+02 5.710154418945311363e+02
7.024113159179687500e+02 5.717143554687502274e+02
7.030388793945313637e+02 5.249067382812498863e+02
6.562936401367186363e+02 5.242671508789060226e+02
4.150834045410155682e+02 5.663419799804687500e+02
4.609224853515625000e+02 5.669760742187497726e+02
4.608804321289061932e+02 5.204697875976561363e+02
4.150872802734374432e+02 5.199546508789063637e+02
6.395313110351562500e+02 5.716029052734375000e+02
6.861439819335937500e+02 5.725221557617188637e+02
6.860947875976563637e+02 5.248344116210937500e+02
6.393353271484376137e+02 5.241608886718748863e+02
4.072605285644531250e+02 5.656416015625000000e+02
4.504371337890625000e+02 5.665437622070313637e+02
4.499801940917968750e+02 5.207257690429687500e+02
4.069159545898436932e+02 5.201533813476560226e+02
6.106535644531251137e+02 5.721985473632812500e+02
6.538762207031248863e+02 5.735560302734372726e+02
6.528712768554685226e+02 5.243103637695312500e+02
6.096601562500000000e+02 5.238258666992189774e+02
4.045909118652344318e+02 5.645824584960937500e+02
4.418679809570312500e+02 5.658952636718750000e+02
4.406312255859374432e+02 5.207556762695312500e+02
4.034156799316405682e+02 5.203996582031248863e+02
6.213323974609373863e+02 5.723979492187500000e+02
6.662998657226562500e+02 5.735357055664062500e+02
6.657537841796878411e+02 5.248211059570313637e+02
6.206662597656251137e+02 5.242457275390625000e+02
4.041269531250000000e+02 5.652509765625000000e+02
4.438003234863281250e+02 5.663063354492186363e+02
4.426372070312500000e+02 5.208262939453125000e+02
4.032907409667969318e+02 5.204575195312502274e+02
6.295655517578123863e+02 5.725513916015625000e+02
6.758818969726563637e+02 5.737239379882812500e+02
6.747300415039063637e+02 5.253835449218751137e+02
6.290047607421875000e+02 5.247651977539063637e+02
4.048851928710937500e+02 5.659392089843750000e+02
4.462008056640625000e+02 5.665745849609376137e+02
4.452294616699218750e+02 5.210840454101561363e+02
4.039169921875000000e+02 5.207272338867185226e+02
6.712711791992188637e+02 5.708572998046875000e+02
7.154752807617186363e+02 5.711253051757812500e+02
7.169439697265625000e+02 5.258905639648437500e+02
6.727472534179687500e+02 5.250021972656248863e+02
4.319161987304687500e+02 5.672795410156250000e+02
4.787969970703124432e+02 5.678114624023438637e+02
4.798885803222656818e+02 5.203107299804688637e+02
4.329778747558593750e+02 5.196197509765625000e+02
6.736810913085939774e+02 5.704856567382812500e+02
7.168532714843748863e+02 5.707940063476562500e+02
7.184307250976562500e+02 5.259854736328125000e+02
6.748745727539063637e+02 5.249843749999998863e+02
4.366127319335937500e+02 5.674794311523437500e+02
4.833930969238281250e+02 5.678770751953126137e+02
4.845258483886718750e+02 5.202653198242187500e+02
4.377124023437500000e+02 5.195878906249998863e+02
6.801591796875001137e+02 5.687179565429687500e+02
7.161661376953125000e+02 5.686176757812500000e+02
7.179547729492186363e+02 5.252601928710937500e+02
6.819586791992186363e+02 5.245498046874998863e+02
4.719694213867188068e+02 5.674424438476562500e+02
5.147703247070312500e+02 5.674878540039063637e+02
5.165778808593750000e+02 5.192273559570312500e+02
4.738657531738281250e+02 5.184013671874998863e+02
6.755028686523436363e+02 5.678554077148437500e+02
7.027411499023436363e+02 5.677418212890623863e+02
7.047233886718751137e+02 5.262888793945313637e+02
6.783746948242186363e+02 5.252602539062500000e+02
5.157080078125000000e+02 5.672609863281250000e+02
5.493994140625000000e+02 5.672051391601563637e+02
5.514267578125000000e+02 5.188491210937500000e+02
5.178901977539062500e+02 5.175354003906248863e+02
6.761302490234378411e+02 5.695864868164062500e+02
7.175957031249998863e+02 5.698388671875001137e+02
7.189602050781247726e+02 5.251291503906251137e+02
6.774769897460937500e+02 5.244712524414061363e+02
4.453333740234375000e+02 5.665724487304687500e+02
4.914236755371094318e+02 5.669570922851563637e+02
4.925854187011718182e+02 5.191675415039062500e+02
4.465098876953124432e+02 5.183403320312498863e+02
6.671641235351564774e+02 5.647490844726562500e+02
7.114935913085936363e+02 5.653221435546873863e+02
7.120058593749997726e+02 5.199392089843748863e+02
6.678249511718750000e+02 5.189869384765623863e+02
4.284978332519531250e+02 5.597000122070312500e+02
4.750336914062500000e+02 5.605822143554688637e+02
4.760951538085938068e+02 5.133098144531251137e+02
4.294424743652343750e+02 5.124757690429686363e+02
6.628910522460938637e+02 5.624253540039062500e+02
7.072638549804687500e+02 5.634212036132814774e+02
7.076725463867186363e+02 5.183045043945312500e+02
6.635241088867188637e+02 5.169900512695310226e+02
4.245755310058593182e+02 5.540736083984375000e+02
4.709787292480468750e+02 5.564634399414060226e+02
4.721985778808594318e+02 5.092687988281251137e+02
4.261592407226562500e+02 5.076165771484378411e+02
6.661267089843750000e+02 5.742228393554686363e+02
7.103544921875001137e+02 5.753499755859375000e+02
7.131530151367186363e+02 5.300137329101562500e+02
6.688546142578123863e+02 5.280887451171875000e+02
4.257213439941406818e+02 5.646181640624998863e+02
4.730322570800781818e+02 5.662852783203125000e+02
4.752353515624998863e+02 5.185523071289061363e+02
4.281789245605468182e+02 5.166168823242187500e+02
6.298360595703122726e+02 5.720740356445312500e+02
6.750298461914062500e+02 5.736958618164061363e+02
6.775535278320314774e+02 5.274675903320312500e+02
6.322683715820312500e+02 5.255610351562501137e+02
3.864134216308593750e+02 5.622165527343748863e+02
4.338621826171875000e+02 5.639858398437498863e+02
4.358459472656250000e+02 5.161647949218751137e+02
3.884019165039062500e+02 5.142767944335939774e+02
3.110011596679688068e+02 5.744226684570312500e+02
3.580339355468749432e+02 5.778133544921877274e+02
3.607647094726561363e+02 5.286337280273437500e+02
3.136701660156249432e+02 5.254883422851559089e+02
8.292843627929688921e+01 5.552717895507812500e+02
1.248000869750976420e+02 5.586669311523438637e+02
1.267696838378906250e+02 5.112838134765626137e+02
8.501780700683595171e+01 5.084190673828124432e+02
3.035273437499999432e+02 5.739583129882812500e+02
3.497872619628906818e+02 5.772135620117188637e+02
3.531958007812501137e+02 5.299064941406250000e+02
3.069801330566406250e+02 5.264956054687498863e+02
6.537647247314453125e+01 5.552597045898437500e+02
1.105833663940429688e+02 5.585778808593750000e+02
1.134547424316406250e+02 5.104582824707031818e+02
6.871123504638673296e+01 5.070418701171876705e+02
2.815713500976562500e+02 5.750487060546873863e+02
3.279086303710937500e+02 5.787083740234376137e+02
3.309169921875000000e+02 5.301665649414063637e+02
2.838744201660156250e+02 5.266473388671875000e+02
5.247558212280273438e+01 5.548514404296875000e+02
9.448030853271484375e+01 5.584161987304687500e+02
9.705346679687500000e+01 5.111509094238281250e+02
5.500754928588867898e+01 5.078460083007814205e+02
2.459337158203124147e+02 5.751643676757812500e+02
2.879252319335937500e+02 5.791055297851561363e+02
2.901205749511719887e+02 5.289917602539062500e+02
2.475438537597656818e+02 5.258159179687501137e+02
4.893638229370118609e+01 5.549716796874998863e+02
8.380930328369139204e+01 5.583803710937500000e+02
8.506538391113278408e+01 5.128010864257812500e+02
5.011503982543945312e+01 5.088582458496093182e+02
5.407624511718750000e+02 5.756683959960937500e+02
5.823941040039061363e+02 5.792636718749998863e+02
5.862112426757812500e+02 5.358378906249998863e+02
5.446965942382813637e+02 5.318385620117187500e+02
3.147254943847657387e+02 5.538816528320312500e+02
3.590328674316405682e+02 5.580906372070311363e+02
3.635950622558593182e+02 5.120729980468750000e+02
3.192785034179688068e+02 5.074875488281252274e+02
6.408552856445314774e+02 5.751835327148438637e+02
6.815326538085937500e+02 5.784615478515622726e+02
6.853068847656247726e+02 5.359811401367187500e+02
6.438984374999998863e+02 5.320411987304690911e+02
4.166235656738280682e+02 5.540285034179686363e+02
4.605063476562500000e+02 5.580414428710937500e+02
4.648480224609375568e+02 5.131218261718750000e+02
4.210759887695313068e+02 5.087036437988280682e+02
7.345245361328125000e+02 5.751814575195312500e+02
7.756530151367187500e+02 5.783502197265625000e+02
7.793458862304687500e+02 5.361354980468751137e+02
7.383336181640623863e+02 5.322890625000000000e+02
5.115640258789063068e+02 5.539140625000000000e+02
5.551378173828125000e+02 5.579546508789063637e+02
5.594526367187500000e+02 5.138457641601562500e+02
5.158635253906250000e+02 5.096082458496091476e+02
1.127399291992187500e+03 5.733121337890626137e+02
1.163162963867187500e+03 5.773205566406248863e+02
1.166258911132812500e+03 5.342595214843748863e+02
1.130339599609375000e+03 5.311235351562500000e+02
9.514335937500000000e+02 5.530252075195312500e+02
9.841588745117188637e+02 5.564409790039063637e+02
9.864608154296876137e+02 5.172147827148437500e+02
9.535907592773437500e+02 5.139531249999998863e+02
